1.23328e-96
4.17727e-96
1.28981e-95
3.93913e-95
1.19959e-94
3.64575e-94
1.10587e-93
3.34796e-93
1.01162e-92
3.05078e-92
9.18248e-92
2.75843e-91
8.27013e-91
2.47463e-90
7.39016e-90
2.20262e-89
6.55184e-89
1.94502e-88
5.76262e-88
1.70391e-87
5.02809e-87
1.48076e-86
4.35202e-86
1.27649e-85
3.73649e-85
1.0915e-84
3.18199e-84
9.25709e-84
2.6871e-83
7.77137e-83
2.21045e-82
5.48499e-82
4.74977e-82
4.59102e-80
1.04345e-78
2.06299e-77
3.82142e-76
6.70236e-75
1.11592e-73
1.76629e-72
2.66098e-71
3.82005e-70
5.23143e-69
6.84152e-68
8.55276e-67
1.02307e-65
1.17209e-64
1.28728e-63
1.35649e-62
1.37268e-61
1.33503e-60
1.2489e-59
1.12465e-58
9.75642e-58
8.15957e-57
6.58351e-56
5.12818e-55
3.85905e-54
2.80733e-53
1.97554e-52
1.34563e-51
8.87732e-51
5.67563e-50
3.51864e-49
2.11648e-48
1.23587e-47
7.00946e-47
3.86355e-46
2.07063e-45
1.07958e-44
5.47844e-44
2.70724e-43
1.30338e-42
6.11631e-42
2.79889e-41
1.24955e-40
5.44487e-40
2.31671e-39
9.62925e-39
3.91137e-38
1.55332e-37
6.03334e-37
2.29294e-36
8.52967e-36
3.10699e-35
1.1086e-34
3.87613e-34
1.3285e-33
4.46496e-33
1.47203e-32
4.76212e-32
1.51222e-31
4.71522e-31
1.4441e-30
4.34549e-30
1.28516e-29
3.73664e-29
1.06842e-28
3.00513e-28
8.31702e-28
2.26557e-27
6.0759e-27
1.60466e-26
4.17454e-26
1.07004e-25
2.70314e-25
6.73161e-25
1.65295e-24
4.00305e-24
9.56355e-24
2.25445e-23
5.24513e-23
1.20465e-22
2.7318e-22
6.11805e-22
1.35345e-21
2.95822e-21
6.38943e-21
1.36403e-20
2.87871e-20
6.00716e-20
1.23971e-19
2.53061e-19
5.11054e-19
1.02122e-18
2.01959e-18
3.95336e-18
7.6613e-18
1.47009e-17
2.79357e-17
5.25796e-17
9.80361e-17
1.81105e-16
3.31524e-16
6.01457e-16
1.08158e-15
1.92816e-15
3.40812e-15
5.97354e-15
1.03837e-14
1.79034e-14
3.06222e-14
5.19645e-14
8.7499e-14
1.4621e-13
2.42483e-13
3.99176e-13
6.52347e-13
1.05846e-12
1.70527e-12
2.72828e-12
4.33516e-12
6.84206e-12
1.07271e-11
1.67082e-11
2.58569e-11
3.97615e-11
6.0762e-11
9.22835e-11
1.39309e-10
2.09043e-10
3.11842e-10
4.62501e-10
6.82036e-10
1.00013e-09
1.45845e-09
2.11521e-09
3.05123e-09
4.37816e-09
6.24935e-09
8.8744e-09
1.25382e-08
1.76262e-08
2.46569e-08
3.43246e-08
4.75543e-08
6.55726e-08
8.99979e-08
1.22956e-07
1.67224e-07
2.26418e-07
3.05221e-07
4.09669e-07
5.47516e-07
7.28667e-07
9.65732e-07
1.27469e-06
1.67571e-06
2.19413e-06
2.86168e-06
3.71789e-06
4.81187e-06
6.20433e-06
7.97008e-06
1.02009e-05
1.30091e-05
1.65313e-05
2.09335e-05
2.64162e-05
3.3221e-05
4.16383e-05
5.20149e-05
6.47645e-05
8.03788e-05
9.94397e-05
0.000122634
0.000150769
0.000184791
0.000225808
0.000275107
0.000334185
0.000404773
0.000488869
0.000588771
0.000707115
0.000846915
0.00101161
0.00120509
0.0014318
0.00169674
0.00200554
0.00236453
0.00278081
0.00326233
0.00381791
0.00445738
0.00519164
0.00603273
0.00699393
0.00808983
0.00933646
0.0107513
0.0123536
0.0141641
0.0162053
0.0185019
0.0210802
0.0239688
0.0271983
0.0308016
0.034814
0.039273
0.0442185
0.0496932
0.0557421
0.0624128
0.0697556
0.0778235
0.086672
0.0963593
0.106946
0.118496
0.131076
0.144753
0.159599
0.175688
0.193094
0.211896
0.232173
0.254008
0.277484
0.302685
0.3297
0.358614
0.389517
0.422499
0.45765
0.495059
0.534819
0.577018
0.621748
0.669097
0.719154
0.772007
0.82774
0.886439
0.948185
1.01306
1.08114
1.15249
1.2272
1.30532
1.38692
1.47206
1.5608
1.65318
1.74925
1.84905
1.95261
2.05995
2.17111
2.28608
2.40487
2.52748
2.65389
2.78407
2.91799
3.0556
3.19684
3.34164
3.4899
3.64152
3.79638
3.95435
4.11527
4.27897
4.44526
4.61393
4.78474
4.95746
5.13181
5.3075
5.48424
5.66169
5.83954
6.01741
6.19496
6.37181
6.54758
6.72189
6.89435
7.06458
7.23222
7.39688
7.55822
7.71589
7.86959
8.01902
8.16391
8.30402
8.43915
8.56912
8.69379
8.81307
8.92688
9.03521
9.13804
9.23544
9.32747
9.41424
9.4959
9.5726
9.64453
9.7119
9.77494
9.83389
9.889
9.94052
9.98871
10.0338
10.0762
10.116
10.1535
10.1889
10.2225
10.2545
10.2851
10.3145
10.3428
10.3702
10.397
10.4231
10.4488
10.474
10.499
10.5238
10.5485
10.5731
10.5977
10.6223
10.647
10.6718
10.6966
10.7216
10.7468
10.7721
10.7975
10.8231
10.8489
10.8748
10.9008
10.9271
10.9534
10.9799
11.0065
11.0333
11.0602
11.0871
11.1142
11.1414
11.1687
11.1961
11.2236
11.2511
11.2787
11.3064
11.3342
11.362
11.3898
11.4178
11.4457
11.4737
11.5018
11.5299
11.558
11.5862
11.6143
11.6426
11.6708
11.6991
11.7274
11.7557
11.784
11.8124
11.8407
11.8691
11.8975
11.9259
11.9543
11.9827
12.0112
12.0396
12.0681
12.0965
12.125
12.1535
12.182
12.2105
12.2389
12.2674
12.2959
12.3245
12.353
12.3815
12.41
12.4385
12.467
12.4956
12.5241
12.5526
12.5811
12.6097
12.6382
12.6667
12.6953
12.7238
12.7524
12.7809
12.8094
12.838
12.8665
12.8951
12.9236
12.9521
12.9807
13.0092
13.0378
13.0663
13.0949
13.1234
13.152
13.1805
13.2091
13.2376
13.2661
13.2947
13.3232
13.3518
13.3803
13.4089
13.4374
13.466
13.4945
13.5231
13.5516
13.5802
13.6087
13.6373
13.6658
13.6944
13.7229
13.7515
13.78
13.8086
13.8371
13.8657
13.8942
13.9228
13.9513
13.9799
14.0084
14.0369
14.0655
14.094
14.1226
14.1511
14.1797
14.2082
14.2368
14.2653
14.2939
14.3224
14.351
14.3795
14.4081
14.4366
14.4652
14.4937
14.5223
14.5508
14.5794
14.6079
14.6365
14.665
14.6936
14.7221
14.7507
14.7792
14.8078
14.8363
14.8649
14.8934
14.922
14.9505
14.9791
15.0076
15.0362
15.0647
15.0932
15.1218
15.1503
15.1789
15.2074
15.236
15.2645
15.2931
15.3216
15.3502
15.3787
15.4073
15.4358
15.4644
15.4929
15.5215
15.55
15.5786
15.6071
15.6356
15.6642
15.6927
15.7213
15.7498
15.7784
15.8069
15.8355
15.864
15.8925
15.9211
15.9496
15.9782
16.0067
16.0352
16.0638
16.0923
16.1209
16.1494
16.1779
16.2065
16.235
16.2635
16.292
16.3206
16.3491
16.3776
16.4061
16.4347
16.4632
16.4917
16.5202
16.5487
16.5772
16.6057
16.6342
16.6627
16.6912
16.7197
16.7482
16.7766
16.8051
16.8336
16.862
16.8905
16.9189
16.9473
16.9758
17.0042
17.0326
17.061
17.0894
17.1177
17.1461
17.1745
17.2028
17.2311
17.2594
17.2877
17.316
17.3443
17.3725
17.4007
17.4289
17.4571
17.4852
17.5133
17.5414
17.5695
17.5975
17.6255
17.6535
17.6814
17.7093
17.7372
17.765
17.7927
17.8205
17.8481
17.8758
17.9033
17.9308
17.9583
17.9856
18.013
18.0402
18.0674
18.0945
18.1215
18.1484
18.1752
18.202
18.2286
18.2551
18.2816
18.3079
18.3341
18.3601
18.3861
18.4119
18.4375
18.463
18.4884
18.5136
18.5386
18.5635
18.5881
18.6126
18.6369
18.6609
18.6847
18.7084
18.7317
18.7549
18.7777
18.8003
18.8227
18.8447
18.8664
18.8879
18.909
18.9297
18.9502
18.9702
18.9899
19.0092
19.0281
19.0465
19.0646
19.0822
19.0993
19.1159
19.1321
19.1477
19.1628
19.1773
19.1913
19.2047
19.2174
19.2296
19.2411
19.2519
19.262
19.2714
19.2801
19.288
19.2952
19.3015
19.307
19.3117
19.3154
19.3183
19.3202
19.3212
19.3212
19.3202
19.3181
19.315
19.3108
19.3054
19.2989
19.2912
19.2823
19.2721
19.2607
19.2479
19.2338
19.2183
19.2014
19.183
19.1632
19.1418
19.1189
19.0944
19.0683
19.0405
19.0111
18.9799
18.9469
18.9121
18.8755
18.837
18.7965
18.7541
18.7097
18.6633
18.6147
18.5641
18.5113
18.4563
18.3991
18.3396
18.2777
18.2135
18.1469
18.0779
18.0064
17.9323
17.8557
17.7765
17.6947
17.6101
17.5229
17.4328
17.34
17.2443
17.1458
17.0443
16.9398
16.8324
16.7219
16.6083
16.4916
16.3718
16.2487
16.1225
15.9929
15.8601
15.7239
15.5844
15.4414
15.295
15.1452
14.9918
14.8349
14.6744
14.5103
14.3426
14.1712
13.9962
13.8174
13.6349
13.4486
13.2585
13.0647
12.8669
12.6653
12.4599
12.2505
12.0372
11.8199
11.5987
11.3735
11.1443
10.9112
10.674
10.4327
10.1875
9.93816
9.68478
9.42734
9.16583
8.90024
8.63057
8.35682
8.07898
7.79706
7.51107
7.22099
6.92684
6.62862
6.32635
6.02001
5.70964
5.39523
5.0768
4.75436
4.42794
4.09753
3.76317
3.42487
3.08265
2.73653
2.38654
2.0327
1.67504
1.31357
0.948345
0.579377
0.206701
0.16965
0.549642
0.933241
1.32041
1.71111
2.10531
2.50296
2.90402
3.30845
3.71621
4.12724
4.54152
4.95898
5.37958
5.80327
6.23
6.65971
7.09236
7.5279
7.96625
8.40738
8.85122
9.29772
9.74681
10.1984
10.6525
11.1091
11.5679
12.0291
12.4925
12.958
13.4257
13.8954
14.367
14.8405
15.3159
15.793
16.2719
16.7523
17.2343
17.7178
18.2027
18.6889
19.1764
19.6651
20.1549
20.6457
21.1376
21.6303
22.1239
22.6183
23.1133
23.6089
24.1051
24.6017
25.0988
25.5961
26.0937
26.5915
27.0894
27.5873
28.0851
28.5828
29.0804
29.5776
30.0746
30.5711
31.0671
31.5626
32.0575
32.5517
33.0451
33.5377
34.0294
34.5201
35.0098
35.4984
35.9858
36.472
36.957
37.4405
37.9226
38.4033
38.8824
39.3598
39.8357
40.3097
40.782
41.2525
41.721
42.1876
42.6522
43.1147
43.5751
44.0333
44.4893
44.943
45.3943
45.8433
46.2899
46.734
47.1755
47.6145
48.0509
48.4846
48.9156
49.3438
49.7692
50.1918
50.6114
51.028
51.4415
51.8518
52.259
52.6627
53.063
53.4596
53.8523
54.241
54.6253
55.0049
55.3793
55.7482
56.1108
56.4665
56.8143
57.1533
57.4822
57.7995
58.1036
58.3925
58.6638
58.9149
59.1428
59.3441
59.5147
59.6504
59.7462
59.7968
59.7963
59.7382
59.6157
59.4213
59.1474
58.7857
58.3278
57.7653
57.0895
56.292
55.3646
54.2996
53.0899
51.7294
50.2132
48.5375
46.7003
44.7014
42.5426
40.2279
37.7639
35.1596
32.4269
29.5803
26.6372
23.6179
20.5453
17.4452
14.3457
11.2773
8.27237
5.36533
2.59189
