2.42273e-146
8.24189e-143
1.27635e-139
1.20815e-136
7.9109e-134
3.84201e-131
1.44811e-128
4.37436e-126
1.08487e-123
2.2511e-121
3.96819e-119
6.01794e-117
7.93553e-115
9.1818e-113
9.39574e-111
8.56228e-109
6.99137e-107
5.14307e-105
3.42532e-103
2.07457e-101
1.14725e-99
5.81422e-98
2.70958e-96
1.16479e-94
4.63218e-93
1.70876e-91
5.8617e-90
1.87425e-88
5.5982e-87
1.56523e-85
4.10453e-84
1.01134e-82
2.3455e-81
5.12848e-80
1.05886e-78
2.0674e-77
3.82268e-76
6.70272e-75
1.11593e-73
1.76629e-72
2.66098e-71
3.82005e-70
5.23143e-69
6.84152e-68
8.55276e-67
1.02307e-65
1.17209e-64
1.28728e-63
1.35649e-62
1.37268e-61
1.33503e-60
1.2489e-59
1.12465e-58
9.75642e-58
8.15957e-57
6.58351e-56
5.12818e-55
3.85905e-54
2.80733e-53
1.97554e-52
1.34563e-51
8.87732e-51
5.67563e-50
3.51864e-49
2.11648e-48
1.23587e-47
7.00946e-47
3.86355e-46
2.07063e-45
1.07958e-44
5.47844e-44
2.70724e-43
1.30338e-42
6.11631e-42
2.79889e-41
1.24955e-40
5.44487e-40
2.31671e-39
9.62925e-39
3.91137e-38
1.55332e-37
6.03334e-37
2.29294e-36
8.52967e-36
3.10699e-35
1.1086e-34
3.87613e-34
1.3285e-33
4.46496e-33
1.47203e-32
4.76212e-32
1.51222e-31
4.71522e-31
1.4441e-30
4.34549e-30
1.28516e-29
3.73664e-29
1.06842e-28
3.00513e-28
8.31702e-28
2.26557e-27
6.0759e-27
1.60466e-26
4.17454e-26
1.07004e-25
2.70314e-25
6.73161e-25
1.65295e-24
4.00305e-24
9.56355e-24
2.25445e-23
5.24513e-23
1.20465e-22
2.7318e-22
6.11805e-22
1.35345e-21
2.95822e-21
6.38943e-21
1.36403e-20
2.87871e-20
6.00716e-20
1.23971e-19
2.53061e-19
5.11054e-19
1.02122e-18
2.01959e-18
3.95336e-18
7.6613e-18
1.47009e-17
2.79357e-17
5.25796e-17
9.80361e-17
1.81105e-16
3.31524e-16
6.01457e-16
1.08158e-15
1.92816e-15
3.40812e-15
5.97354e-15
1.03837e-14
1.79034e-14
3.06222e-14
5.19645e-14
8.7499e-14
1.4621e-13
2.42483e-13
3.99176e-13
6.52347e-13
1.05846e-12
1.70527e-12
2.72828e-12
4.33516e-12
6.84206e-12
1.07271e-11
1.67082e-11
2.58569e-11
3.97615e-11
6.0762e-11
9.22835e-11
1.39309e-10
2.09043e-10
3.11842e-10
4.62501e-10
6.82036e-10
1.00013e-09
1.45845e-09
2.11521e-09
3.05123e-09
4.37816e-09
6.24935e-09
8.8744e-09
1.25382e-08
1.76262e-08
2.46569e-08
3.43246e-08
4.75543e-08
6.55726e-08
8.99979e-08
1.22956e-07
1.67224e-07
2.26418e-07
3.05221e-07
4.09669e-07
5.47516e-07
7.28667e-07
9.65732e-07
1.27469e-06
1.67571e-06
2.19413e-06
2.86168e-06
3.71789e-06
4.81187e-06
6.20433e-06
7.97008e-06
1.02009e-05
1.30091e-05
1.65313e-05
2.09335e-05
2.64162e-05
3.3221e-05
4.16383e-05
5.20149e-05
6.47645e-05
8.03788e-05
9.94397e-05
0.000122634
0.000150769
0.000184791
0.000225808
0.000275107
0.000334185
0.000404773
0.000488869
0.000588771
0.000707115
0.000846915
0.00101161
0.00120509
0.0014318
0.00169674
0.00200554
0.00236453
0.00278081
0.00326233
0.00381791
0.00445738
0.00519164
0.00603273
0.00699393
0.00808983
0.00933646
0.0107513
0.0123536
0.0141641
0.0162053
0.0185019
0.0210802
0.0239688
0.0271983
0.0308016
0.034814
0.039273
0.0442185
0.0496932
0.0557421
0.0624128
0.0697556
0.0778235
0.086672
0.0963593
0.106946
0.118497
0.131076
0.144753
0.159599
0.175688
0.193094
0.211896
0.232173
0.254008
0.277484
0.302686
0.3297
0.358615
0.389518
0.422501
0.457652
0.495062
0.534823
0.577024
0.621755
0.669107
0.719168
0.772026
0.827766
0.886475
0.948233
1.01312
1.08122
1.1526
1.22735
1.30552
1.38718
1.4724
1.56124
1.65375
1.74999
1.85
1.95383
2.06151
2.17309
2.28859
2.40803
2.53145
2.65885
2.79025
2.92565
3.06507
3.20849
3.35592
3.50734
3.66273
3.82208
3.98537
4.15256
4.32363
4.49854
4.67725
4.85972
5.04591
5.23577
5.42924
5.62627
5.8268
6.03078
6.23814
6.44882
6.66275
6.87987
7.10011
7.32339
7.54965
7.77882
8.01082
8.24557
8.48301
8.72306
8.96565
9.2107
9.45813
9.70788
9.95987
10.214
10.4703
10.7286
10.9888
11.2509
11.5148
11.7805
12.0479
12.3168
12.5874
12.8594
13.1329
13.4077
13.6838
13.9612
14.2398
14.5196
14.8004
15.0823
15.3652
15.6491
15.9339
16.2195
16.5059
16.7932
17.0812
17.3698
17.6592
17.9492
18.2398
18.531
18.8227
19.1149
19.4076
19.7007
19.9943
20.2883
20.5827
20.8774
21.1725
21.4679
21.7636
22.0596
22.3558
22.6523
22.9491
23.246
23.5432
23.8405
24.1381
24.4358
24.7337
25.0317
25.3299
25.6281
25.9266
26.2251
26.5237
26.8224
27.1213
27.4202
27.7192
28.0182
28.3174
28.6166
28.9158
29.2151
29.5145
29.8139
30.1134
30.4129
30.7124
31.012
31.3116
31.6113
31.9109
32.2106
32.5103
32.8101
33.1098
33.4096
33.7094
34.0092
34.3091
34.6089
34.9088
35.2086
35.5085
35.8084
36.1083
36.4082
36.7081
37.008
37.308
37.6079
37.9078
38.2078
38.5077
38.8077
39.1076
39.4076
39.7076
40.0075
40.3075
40.6075
40.9075
41.2074
41.5074
41.8074
42.1074
42.4074
42.7073
43.0073
43.3073
43.6073
43.9073
44.2073
44.5073
44.8073
45.1073
45.4073
45.7073
46.0073
46.3073
46.6072
46.9072
47.2072
47.5072
47.8072
48.1072
48.4072
48.7072
49.0072
49.3072
49.6072
49.9072
50.2072
50.5072
50.8072
51.1072
51.4072
51.7072
52.0072
52.3072
52.6072
52.9072
53.2072
53.5072
53.8072
54.1072
54.4072
54.7072
55.0072
55.3072
55.6072
55.9072
56.2072
56.5072
56.8072
57.1072
57.4072
57.7072
58.0072
58.3072
58.6072
58.9072
59.2072
59.5072
59.8072
60.1072
60.4072
60.7072
61.0072
61.3072
61.6072
61.9072
62.2072
62.5072
62.8072
63.1072
63.4072
63.7072
64.0072
64.3072
64.6072
64.9072
65.2072
65.5072
65.8072
66.1072
66.4072
66.7072
67.0072
67.3072
67.6072
67.9072
68.2072
68.5072
68.8072
69.1072
69.4072
69.7072
70.0072
70.3072
70.6072
70.9072
71.2072
71.5072
71.8072
72.1072
72.4072
72.7072
73.0072
73.3072
73.6072
73.9072
74.2072
74.5072
74.8072
75.1072
75.4072
75.7072
76.0071
76.3071
76.6071
76.9071
77.2071
77.5071
77.8071
78.1071
78.4071
78.7071
79.0071
79.307
79.607
79.907
80.207
80.507
80.807
81.1069
81.4069
81.7069
82.0069
82.3068
82.6068
82.9068
83.2067
83.5067
83.8066
84.1066
84.4065
84.7065
85.0064
85.3064
85.6063
85.9062
86.2061
86.506
86.8059
87.1058
87.4057
87.7056
88.0055
88.3054
88.6052
88.9051
89.2049
89.5047
89.8046
90.1044
90.4041
90.7039
91.0037
91.3034
91.6031
91.9029
92.2025
92.5022
92.8019
93.1015
93.4011
93.7006
94.0002
94.2997
94.5992
94.8986
95.1981
95.4974
95.7968
96.0961
96.3954
96.6946
96.9937
97.2929
97.5919
97.8909
98.1899
98.4888
98.7876
99.0864
99.3851
99.6837
99.9822
100.281
100.579
100.877
101.176
101.474
101.772
102.069
102.367
102.665
102.962
103.26
103.557
103.854
104.151
104.448
104.745
105.041
105.337
105.633
105.929
106.225
106.521
106.816
107.111
107.406
107.7
107.995
108.289
108.583
108.876
109.169
109.462
109.755
110.047
110.339
110.63
110.921
111.212
111.502
111.792
112.082
112.371
112.659
112.948
113.235
113.522
113.809
114.095
114.38
114.665
114.949
115.233
115.516
115.798
116.08
116.36
116.641
116.92
117.199
117.476
117.753
118.029
118.305
118.579
118.852
119.125
119.396
119.667
119.936
120.204
120.472
120.738
121.003
121.266
121.529
121.79
122.05
122.309
122.566
122.822
123.077
123.33
123.581
123.832
124.08
124.327
124.572
124.816
125.058
125.298
125.537
125.773
126.008
126.241
126.472
126.701
126.928
127.153
127.376
127.597
127.816
128.032
128.246
128.458
128.668
128.875
129.08
129.282
129.482
129.68
129.875
130.067
130.256
130.443
130.628
130.809
130.988
131.163
131.336
131.506
131.673
131.837
131.998
132.156
132.311
132.462
132.611
132.756
132.898
133.037
133.172
133.304
133.432
133.557
133.679
133.797
133.911
134.022
134.13
134.234
134.334
134.43
134.523
134.612
134.697
134.778
134.856
134.929
134.999
135.065
135.127
135.186
135.24
135.29
135.336
135.379
135.417
135.451
135.481
135.507
135.53
135.548
135.562
135.572
135.577
135.579
135.577
135.571
135.56
135.546
135.527
135.504
135.477
135.447
135.412
135.373
135.33
135.283
135.232
135.177
135.118
135.055
134.988
134.917
134.843
134.764
134.682
134.596
134.506
134.412
134.314
134.213
134.108
134
133.888
133.772
133.653
133.53
133.404
133.274
133.141
133.005
132.865
132.722
132.576
132.427
132.275
132.12
131.961
131.8
131.636
131.469
131.3
131.127
130.952
130.774
130.594
130.412
130.227
130.039
129.849
129.657
129.463
129.267
129.069
128.869
128.667
128.463
128.257
128.05
127.841
127.63
127.418
127.205
126.99
126.774
126.557
126.338
126.119
125.898
125.677
125.455
125.232
125.009
124.784
124.56
124.334
124.109
123.883
123.657
123.431
123.204
122.978
122.751
122.525
122.299
122.073
121.848
121.623
121.398
121.174
120.951
120.728
120.506
120.285
120.064
119.845
119.627
119.41
119.194
118.979
118.766
118.553
118.343
118.134
117.926
117.72
117.516
117.313
117.112
116.913
116.716
116.521
116.328
116.137
115.948
115.761
115.576
115.394
115.214
115.037
114.862
114.689
114.519
114.351
114.186
114.024
113.864
113.707
113.553
113.402
113.253
113.108
112.965
112.825
112.689
112.555
112.424
112.297
112.172
112.051
111.932
111.817
111.706
111.597
111.492
111.389
111.291
111.195
111.103
111.014
110.929
110.847
110.768
110.693
110.621
110.553
110.488
110.426
110.368
110.314
110.263
110.215
110.171
110.13
110.093
110.059
110.029
110.002
109.979
109.959
109.943
109.93
109.92
109.914
109.912
109.913
109.917
109.925
109.936
109.951
109.969
109.99
110.015
110.043
110.075
110.11
110.148
110.189
110.234
110.282
110.333
110.388
110.445
