1.23328e-96
4.17727e-96
1.28981e-95
3.93913e-95
1.19959e-94
3.64575e-94
1.10587e-93
3.34796e-93
1.01162e-92
3.05078e-92
9.18248e-92
2.75843e-91
8.27013e-91
2.47463e-90
7.39016e-90
2.20262e-89
6.55184e-89
1.94502e-88
5.76262e-88
1.70391e-87
5.02809e-87
1.48076e-86
4.35202e-86
1.27649e-85
3.73649e-85
1.0915e-84
3.18199e-84
9.25728e-84
2.68766e-83
7.78703e-83
2.25149e-82
6.49633e-82
1.87052e-81
5.37466e-81
1.5411e-80
4.40958e-80
1.25907e-79
3.58744e-79
1.02e-78
2.89395e-78
8.19325e-78
2.31469e-77
6.52525e-77
1.83555e-76
5.15228e-76
1.44308e-75
4.0331e-75
1.12471e-74
3.12963e-74
8.68945e-74
2.40734e-73
6.65461e-73
1.83547e-72
5.05135e-72
1.38707e-71
3.80033e-71
1.03889e-70
2.83362e-70
7.71141e-70
2.09384e-69
5.67238e-69
1.5332e-68
4.13467e-68
1.11247e-67
2.98631e-67
7.99799e-67
2.13708e-66
5.6971e-66
1.51522e-65
4.02051e-65
1.06432e-64
2.81085e-64
7.40595e-64
1.94669e-63
5.10482e-63
1.33546e-62
3.48532e-62
9.0743e-62
2.35689e-61
6.10687e-61
1.57851e-60
4.07024e-60
1.04697e-59
2.68651e-59
6.87666e-59
1.75589e-58
4.47247e-58
1.13637e-57
2.88015e-57
7.28163e-57
1.83635e-56
4.61948e-56
1.15914e-55
2.90125e-55
7.24326e-55
1.80376e-54
4.48039e-54
1.11005e-53
2.74318e-53
6.76157e-53
1.66234e-52
4.0763e-52
9.96973e-52
2.43202e-51
5.91719e-51
1.43589e-50
3.47525e-50
8.38882e-50
2.0196e-49
4.84923e-49
1.16124e-48
2.77337e-48
6.60581e-48
1.56919e-47
3.71747e-47
8.783e-47
2.06945e-46
4.86274e-46
1.13951e-45
2.66292e-45
6.20587e-45
1.44226e-44
3.34256e-44
7.72511e-44
1.78039e-43
4.09175e-43
9.37735e-43
2.14301e-42
4.8836e-42
1.10974e-41
2.51456e-41
5.68148e-41
1.28001e-40
2.87552e-40
6.44116e-40
1.43864e-39
3.20389e-39
7.11435e-39
1.57515e-38
3.47722e-38
7.65355e-38
1.67961e-37
3.67508e-37
8.01738e-37
1.74382e-36
3.78153e-36
8.17579e-36
1.76231e-35
3.78721e-35
8.11406e-35
1.73314e-34
3.69066e-34
7.83505e-34
1.65823e-33
3.49869e-33
7.35907e-33
1.54309e-32
3.22556e-32
6.72144e-32
1.39623e-31
2.89124e-31
5.96817e-31
1.22807e-30
2.51897e-30
5.15039e-30
1.04971e-29
2.13256e-29
4.31854e-29
8.71707e-29
1.75387e-28
3.51732e-28
7.03088e-28
1.40084e-27
2.7819e-27
5.50635e-27
1.08631e-26
2.13601e-26
4.1861e-26
8.17651e-26
1.59175e-25
3.08833e-25
5.97188e-25
1.15089e-24
2.21046e-24
4.23115e-24
8.07148e-24
1.53449e-23
2.90727e-23
5.48925e-23
1.03286e-22
1.93673e-22
3.61899e-22
6.73899e-22
1.2505e-21
2.31235e-21
4.26086e-21
7.82367e-21
1.43149e-20
2.60992e-20
4.74157e-20
8.58357e-20
1.54832e-19
2.78289e-19
4.9839e-19
8.89357e-19
1.58129e-18
2.80137e-18
4.94482e-18
8.69653e-18
1.52388e-17
2.66051e-17
4.62785e-17
8.02032e-17
1.38483e-16
2.38228e-16
4.08293e-16
6.97158e-16
1.18595e-15
2.0099e-15
3.39351e-15
5.70804e-15
9.56497e-15
1.59674e-14
2.65545e-14
4.39933e-14
7.26068e-14
1.19373e-13
1.95511e-13
3.18981e-13
5.18424e-13
8.39319e-13
1.35359e-12
2.17452e-12
3.47977e-12
5.54682e-12
8.80726e-12
1.39296e-11
2.19447e-11
3.44362e-11
5.38256e-11
8.38007e-11
1.29954e-10
2.00728e-10
3.08819e-10
4.73229e-10
7.22283e-10
1.09802e-09
1.66255e-09
2.50725e-09
3.76599e-09
5.63397e-09
8.39462e-09
1.24576e-08
1.84127e-08
2.71045e-08
3.97381e-08
5.80246e-08
8.43826e-08
1.22216e-07
1.76293e-07
2.53264e-07
3.62361e-07
5.16339e-07
7.32747e-07
1.03561e-06
1.45768e-06
2.04338e-06
2.8527e-06
3.96627e-06
5.49195e-06
7.57337e-06
1.04008e-05
1.42254e-05
1.93766e-05
2.62849e-05
3.55102e-05
4.77767e-05
6.40172e-05
8.54271e-05
0.000113531
0.000150263
0.000198066
0.000260011
0.000339936
0.000442619
0.000573973
0.000741281
0.000953474
0.00122144
0.00155838
0.00198024
0.00250616
0.00315901
0.00396597
0.00495915
0.00617632
0.00766166
0.00946655
0.0116504
0.0142818
0.0174388
0.0212105
0.0256979
0.0310143
0.0372866
0.0446558
0.0532779
0.0633244
0.0749825
0.0884552
0.103962
0.121737
0.142031
0.165107
0.191242
0.220727
0.253858
0.290943
0.332293
0.378222
0.429044
0.485071
0.546605
0.61394
0.687358
0.76712
0.85347
0.946627
1.04679
1.15411
1.26873
1.39075
1.52023
1.65721
1.80167
1.95358
2.11285
2.27939
2.45303
2.63362
2.82094
3.01478
3.21487
3.42095
3.63274
3.84993
4.07223
4.29931
4.53087
4.76658
5.00615
5.24927
5.49564
5.74497
5.99699
6.25145
6.5081
6.76671
7.02706
7.28896
7.55222
7.81669
8.0822
8.34862
8.61584
8.88373
9.15221
9.42119
9.69059
9.96035
10.2304
10.5007
10.7712
11.0419
11.3128
11.5837
11.8548
12.1259
12.3972
12.6684
12.9397
13.211
13.4824
13.7538
14.0252
14.2966
14.568
14.8394
15.1108
15.3823
15.6537
15.9252
16.1966
16.4681
16.7395
17.011
17.2824
17.5538
17.8253
18.0968
18.3682
18.6397
18.9111
19.1826
19.454
19.7255
19.9969
20.2684
20.5398
20.8113
21.0827
21.3542
21.6256
21.8971
22.1685
22.44
22.7114
22.9829
23.2543
23.5258
23.7972
24.0687
24.3401
24.6116
24.883
25.1545
25.4259
25.6974
25.9688
26.2403
26.5117
26.7832
27.0546
27.3261
27.5975
27.869
28.1404
28.4119
28.6833
28.9548
29.2262
29.4977
29.7692
30.0406
30.3121
30.5835
30.855
31.1264
31.3979
31.6693
31.9408
32.2122
32.4837
32.7551
33.0266
33.298
33.5695
33.8409
34.1124
34.3838
34.6553
34.9267
35.1982
35.4696
35.7411
36.0125
36.284
36.5554
36.8269
37.0983
37.3698
37.6412
37.9127
38.1841
38.4556
38.727
38.9985
39.2699
39.5414
39.8128
40.0843
40.3557
40.6272
40.8987
41.1701
41.4416
41.713
41.9845
42.2559
42.5274
42.7988
43.0703
43.3417
43.6132
43.8846
44.1561
44.4275
44.699
44.9704
45.2419
45.5133
45.7848
46.0562
46.3277
46.5991
46.8706
47.142
47.4135
47.6849
47.9564
48.2278
48.4993
48.7707
49.0422
49.3136
49.5851
49.8565
50.128
50.3994
50.6709
50.9423
51.2138
51.4852
51.7567
52.0282
52.2996
52.5711
52.8425
53.114
53.3854
53.6569
53.9283
54.1998
54.4712
54.7427
55.0141
55.2856
55.557
55.8285
56.0999
56.3714
56.6428
56.9143
57.1857
57.4572
57.7286
58.0001
58.2715
58.543
58.8144
59.0859
59.3573
59.6288
59.9002
60.1717
60.4431
60.7146
60.986
61.2575
61.5289
61.8004
62.0718
62.3433
62.6147
62.8862
63.1577
63.4291
63.7006
63.972
64.2435
64.5149
64.7864
65.0578
65.3293
65.6007
65.8722
66.1436
66.4151
66.6865
66.958
67.2294
67.5009
67.7723
68.0438
68.3152
68.5867
68.8581
69.1296
69.401
69.6725
69.9439
70.2154
70.4868
70.7583
71.0297
71.3012
71.5726
71.8441
72.1155
72.387
72.6584
72.9299
73.2013
73.4728
73.7442
74.0157
74.2872
74.5586
74.8301
75.1015
75.373
75.6444
75.9159
76.1873
76.4588
76.7302
77.0017
77.2731
77.5446
77.816
78.0875
78.3589
78.6304
78.9018
79.1733
79.4447
79.7162
79.9876
80.2591
80.5305
80.802
81.0734
81.3449
81.6163
81.8878
82.1592
82.4307
82.7021
82.9736
83.245
83.5165
83.7879
84.0594
84.3308
84.6023
84.8737
85.1452
85.4167
85.6881
85.9596
86.231
86.5025
86.7739
87.0454
87.3168
87.5883
87.8597
88.1312
88.4026
88.6741
88.9455
89.217
89.4884
89.7599
90.0313
90.3028
90.5742
90.8457
91.1171
91.3886
91.66
91.9315
92.2029
92.4744
92.7458
93.0173
93.2887
93.5602
93.8316
94.1031
94.3745
94.646
94.9174
95.1889
95.4603
95.7318
96.0033
96.2747
96.5462
96.8176
97.0891
97.3605
97.632
97.9034
98.1749
98.4463
98.7178
98.9892
99.2607
99.5321
99.8036
100.075
100.346
100.618
100.889
101.161
101.432
101.704
101.975
102.247
102.518
102.79
103.061
103.332
103.604
103.875
104.147
104.418
104.69
104.961
105.233
105.504
105.775
106.047
106.318
106.59
106.861
107.133
107.404
107.676
107.947
108.219
108.49
108.761
109.033
109.304
109.576
109.847
110.119
110.39
110.662
110.933
111.205
111.476
111.747
112.019
112.29
112.562
112.833
113.105
113.376
113.648
113.919
114.19
114.462
114.733
115.005
115.276
115.548
115.819
116.091
116.362
116.634
116.905
117.176
117.448
117.719
117.991
118.262
118.534
118.805
119.077
119.348
119.62
119.891
120.162
120.434
120.705
120.977
121.248
121.52
121.791
122.063
122.334
122.605
122.877
123.148
123.42
123.691
123.963
124.234
124.506
124.777
125.049
125.32
125.591
125.863
126.134
126.406
126.677
126.949
127.22
127.492
127.763
128.034
128.306
128.577
128.849
129.12
129.392
129.663
129.935
130.206
130.478
130.749
131.02
131.292
131.563
131.835
132.106
132.378
132.649
132.921
133.192
133.464
133.735
134.006
134.278
134.549
134.821
135.092
135.364
135.635
135.907
136.178
136.449
136.721
136.992
137.264
137.535
137.807
138.078
138.35
138.621
138.893
139.164
139.435
139.707
139.978
140.25
140.521
140.793
141.064
141.336
141.607
141.879
142.15
142.421
142.693
142.964
143.236
143.507
143.779
144.05
144.322
144.593
144.864
145.136
145.407
145.679
145.95
146.222
146.493
146.765
147.036
147.308
147.579
147.85
148.122
148.393
148.665
148.936
149.208
149.479
149.751
150.022
150.293
150.565
150.836
151.108
151.379
151.651
151.922
152.194
152.465
152.737
153.008
153.279
153.551
153.822
154.094
154.365
154.637
154.908
155.18
155.451
155.723
155.994
156.265
156.537
156.808
157.08
157.351
157.623
157.894
158.166
158.437
158.708
158.98
159.251
159.523
159.794
160.066
160.337
160.609
160.88
161.151
161.423
161.694
161.966
162.237
162.509
162.78
163.051
163.322
163.594
163.865
164.136
164.407
164.677
164.948
165.218
165.487
165.756
166.024
166.292
166.558
166.822
167.085
167.345
167.602
167.856
168.105
168.349
168.585
168.814
169.033
169.239
169.432
169.608
169.764
169.897
170.003
170.077
170.114
170.11
170.059
169.953
169.786
169.551
169.24
168.845
168.357
167.767
167.068
166.251
165.307
164.229
163.01
161.644
160.125
158.45
156.618
154.626
152.479
150.179
147.733
145.15
142.442
139.624
136.712
133.727
130.693
127.634
124.58
121.559
118.605
115.753
113.037
