90.2123
89.9408
89.6694
89.3979
89.1265
88.855
88.5836
88.3121
88.0407
87.7692
87.4978
87.2263
86.9549
86.6834
86.412
86.1405
85.8691
85.5976
85.3262
85.0547
84.7833
84.5118
84.2404
83.9689
83.6975
83.426
83.1546
82.8831
82.6117
82.3402
82.0688
81.7973
81.5259
81.2544
80.9829
80.7115
80.44
80.1686
79.8971
79.6257
79.3542
79.0828
78.8113
78.5399
78.2684
77.997
77.7255
77.4541
77.1826
76.9112
76.6397
76.3683
76.0968
75.8254
75.5539
75.2825
75.011
74.7396
74.4681
74.1967
73.9252
73.6538
73.3823
73.1109
72.8394
72.568
72.2965
72.0251
71.7536
71.4822
71.2107
70.9393
70.6678
70.3964
70.1249
69.8534
69.582
69.3105
69.0391
68.7676
68.4962
68.2247
67.9533
67.6818
67.4104
67.1389
66.8675
66.596
66.3246
66.0531
65.7817
65.5102
65.2388
64.9673
64.6959
64.4244
64.153
63.8815
63.6101
63.3386
63.0672
62.7957
62.5243
62.2528
61.9814
61.7099
61.4385
61.167
60.8956
60.6241
60.3527
60.0812
59.8098
59.5383
59.2669
58.9954
58.7239
58.4525
58.181
57.9096
57.6381
57.3667
57.0952
56.8238
56.5523
56.2809
56.0094
55.738
55.4665
55.1951
54.9236
54.6522
54.3807
54.1093
53.8378
53.5664
53.2949
53.0235
52.752
52.4806
52.2091
51.9377
51.6662
51.3948
51.1233
50.8519
50.5804
50.309
50.0375
49.7661
49.4946
49.2232
48.9517
48.6803
48.4088
48.1374
47.8659
47.5944
47.323
47.0515
46.7801
46.5086
46.2372
45.9657
45.6943
45.4228
45.1514
44.8799
44.6085
44.337
44.0656
43.7941
43.5227
43.2512
42.9798
42.7083
42.4369
42.1654
41.894
41.6225
41.3511
41.0796
40.8082
40.5367
40.2653
39.9938
39.7224
39.4509
39.1795
38.908
38.6366
38.3651
38.0937
37.8222
37.5508
37.2793
37.0079
36.7364
36.4649
36.1935
35.922
35.6506
35.3791
35.1077
34.8362
34.5648
34.2933
34.0219
33.7504
33.479
33.2075
32.9361
32.6646
32.3932
32.1217
31.8503
31.5788
31.3074
31.0359
30.7645
30.493
30.2216
29.9501
29.6787
29.4072
29.1358
28.8643
28.5929
28.3214
28.05
27.7785
27.5071
27.2356
26.9642
26.6927
26.4213
26.1498
25.8784
25.6069
25.3354
25.064
24.7925
24.5211
24.2496
23.9782
23.7067
23.4353
23.1638
22.8924
22.6209
22.3495
22.078
21.8066
21.5351
21.2637
20.9922
20.7208
20.4493
20.1779
19.9064
19.635
19.3635
19.0921
18.8206
18.5492
18.2777
18.0063
17.7348
17.4634
17.1919
16.9205
16.649
16.3776
16.1061
15.8347
15.5632
15.2918
15.0204
14.7489
14.4775
14.2061
13.9347
13.6633
13.3919
13.1206
12.8493
12.578
12.3067
12.0356
11.7644
11.4934
11.2225
10.9517
10.681
10.4106
10.1404
9.87039
9.60074
9.33148
9.06266
8.79436
8.52668
8.25972
7.99358
7.7284
7.46432
7.20149
6.94009
6.6803
6.42232
6.16637
5.9127
5.66154
5.41316
5.16785
4.92588
4.68756
4.45319
4.22309
3.99757
3.77694
3.56152
3.3516
3.14749
2.94945
2.75776
2.57266
2.39437
2.22307
2.05895
1.90212
1.75268
1.61071
1.47624
1.34925
1.22971
1.11753
1.01261
0.91481
0.823946
0.739818
0.662199
0.59084
0.52547
0.465806
0.411548
0.362392
0.318024
0.278131
0.242398
0.210516
0.18218
0.157095
0.134977
0.115551
0.0985587
0.083755
0.0709103
0.0598108
0.0502587
0.0420721
0.0350847
0.0291457
0.0241187
0.0198815
0.016325
0.0133523
0.0108781
0.00882742
0.00713503
0.00574424
0.00460615
0.0036788
0.0029264
0.00231854
0.00182956
0.00143788
0.00112549
0.000877404
0.000681229
0.000526768
0.000405674
0.000311144
0.000237669
0.000180804
0.000136983
0.000103358
7.76683e-05
5.81248e-05
4.33209e-05
3.21552e-05
2.37696e-05
1.74989e-05
1.28297e-05
9.36778e-06
6.81201e-06
4.93324e-06
3.55801e-06
2.55565e-06
1.82816e-06
1.30242e-06
9.24073e-07
6.5296e-07
4.59506e-07
3.22049e-07
2.24792e-07
1.56268e-07
1.0819e-07
7.46005e-08
5.12307e-08
3.50394e-08
2.38684e-08
1.61931e-08
1.09417e-08
7.36351e-09
4.93554e-09
3.29487e-09
2.19076e-09
1.45081e-09
9.5695e-10
6.28682e-10
4.11377e-10
2.68113e-10
1.74049e-10
1.12538e-10
7.24786e-11
4.64946e-11
2.97086e-11
1.89083e-11
1.19872e-11
7.56971e-12
4.76148e-12
2.98339e-12
1.86203e-12
1.15765e-12
7.16938e-13
4.4229e-13
2.71805e-13
1.66393e-13
1.01472e-13
6.16438e-14
3.73057e-14
2.24908e-14
1.35077e-14
8.0819e-15
4.81726e-15
2.86054e-15
1.69223e-15
9.97337e-16
5.85595e-16
3.42555e-16
1.99639e-16
1.15917e-16
6.70562e-17
3.86479e-17
2.21928e-17
1.26971e-17
7.23774e-18
4.11069e-18
2.32619e-18
1.31158e-18
7.36839e-19
4.12459e-19
2.30051e-19
1.27852e-19
7.08e-20
3.90669e-20
2.14802e-20
1.17686e-20
6.42502e-21
3.49535e-21
1.89487e-21
1.02363e-21
5.51045e-22
2.95608e-22
1.58029e-22
8.41879e-23
4.46953e-23
2.36471e-23
1.24682e-23
6.55149e-24
3.43079e-24
1.79048e-24
9.31265e-25
4.82733e-25
2.49388e-25
1.28406e-25
6.5893e-26
3.3701e-26
1.71791e-26
8.72803e-27
4.41972e-27
2.2307e-27
1.12217e-27
5.62671e-28
2.8121e-28
1.40085e-28
6.95576e-29
3.44264e-29
1.69839e-29
8.35193e-30
4.09397e-30
2.00039e-30
9.74323e-31
4.73056e-31
2.28954e-31
1.10462e-31
5.3127e-32
2.54716e-32
1.21742e-32
5.80061e-33
2.75524e-33
1.30467e-33
6.15893e-34
2.89851e-34
1.35992e-34
6.36106e-35
2.96635e-35
1.37911e-35
6.39239e-36
2.95406e-36
1.36104e-36
6.25208e-37
2.8634e-37
1.30752e-37
5.95288e-38
2.70224e-38
1.22304e-38
5.51933e-39
2.48348e-39
1.11421e-39
4.98443e-40
2.22334e-40
9.88875e-41
4.38559e-41
1.93941e-41
8.55207e-42
3.76041e-42
1.6488e-42
7.20891e-43
3.14303e-43
1.36649e-43
5.92442e-44
2.56138e-44
1.10432e-44
4.74798e-45
2.03575e-45
8.70446e-46
3.71165e-46
1.57835e-46
6.69352e-47
2.8309e-47
1.19404e-47
5.02271e-48
2.10712e-48
8.81606e-49
3.67873e-49
1.53096e-49
6.35441e-50
2.63049e-50
1.08605e-50
4.47223e-51
1.83678e-51
7.5241e-52
3.07412e-52
1.25274e-52
5.09183e-53
2.06427e-53
8.34727e-54
3.36673e-54
1.35445e-54
5.43514e-55
2.17549e-55
8.68568e-56
3.45904e-56
1.37409e-56
5.44488e-57
2.15217e-57
8.48562e-58
3.33743e-58
1.30939e-58
5.12452e-59
2.00065e-59
7.79157e-60
3.02705e-60
1.17316e-60
4.53566e-61
1.74934e-61
6.73072e-62
2.58348e-62
9.8926e-63
3.77901e-63
1.44017e-63
5.47542e-64
2.07681e-64
7.8587e-65
2.96678e-65
1.11739e-65
4.19864e-66
1.57399e-66
5.88695e-67
2.19671e-67
8.17817e-68
3.03768e-68
1.12573e-68
4.16229e-69
1.53548e-69
5.65159e-70
2.07547e-70
7.6047e-71
2.78018e-71
1.01412e-71
3.69096e-72
1.34036e-72
4.85669e-73
1.7559e-73
6.33432e-74
2.28006e-74
8.18921e-75
2.93487e-75
1.04952e-75
3.74498e-76
1.33343e-76
4.73753e-77
1.67958e-77
5.94181e-78
2.09753e-78
7.3888e-79
2.59727e-79
9.11046e-80
3.18894e-80
1.11388e-80
3.8826e-81
1.35051e-81
4.68776e-82
1.6238e-82
5.61304e-83
1.93628e-83
6.66565e-84
2.28995e-84
7.85093e-85
2.68615e-85
9.17181e-86
3.12536e-86
1.06284e-86
3.60709e-87
1.22173e-87
4.12974e-88
1.39317e-88
4.6905e-89
1.57606e-89
5.28526e-90
1.7689e-90
5.90861e-91
1.96977e-91
6.55384e-92
2.17636e-92
7.21306e-93
2.38598e-93
7.87726e-94
2.59565e-94
8.53658e-95
2.80214e-95
9.18048e-96
3.00202e-96
9.79803e-97
3.19184e-97
1.03782e-97
3.36813e-98
1.09104e-98
3.52759e-99
1.13843e-99
3.66714e-100
1.17908e-100
3.78403e-101
1.21218e-101
3.87596e-102
1.23708e-102
3.94113e-103
1.2533e-103
3.9783e-104
1.26053e-104
3.98682e-105
1.25868e-105
3.96667e-106
1.24784e-106
3.91846e-107
1.22829e-107
3.84337e-108
1.20048e-108
3.74312e-109
1.16505e-109
3.6199e-110
1.12276e-110
3.47632e-111
1.07448e-111
3.31528e-112
1.02116e-112
3.13989e-113
9.63808e-114
2.95339e-114
9.03458e-115
2.75902e-115
8.41128e-116
2.55996e-116
7.77802e-117
2.35924e-117
7.14407e-118
2.15969e-118
6.51791e-119
1.96382e-119
5.90709e-120
1.77388e-120
5.3181e-121
1.59174e-121
4.75635e-122
1.41894e-122
4.22612e-123
1.25664e-123
3.73057e-124
1.10569e-124
3.27182e-125
9.66597e-126
2.85103e-126
8.39579e-127
2.46846e-127
7.24598e-128
2.12362e-128
6.21396e-129
1.8154e-129
5.29528e-130
1.54214e-130
4.4841e-131
1.30181e-131
3.77347e-132
1.09209e-132
3.15574e-133
9.10482e-134
2.62283e-134
7.54397e-135
2.16652e-135
6.21241e-136
1.77866e-136
5.08469e-137
1.45136e-137
4.13645e-138
1.17713e-138
3.34476e-139
9.48969e-140
2.68836e-140
7.60456e-141
2.14789e-141
6.05765e-142
1.70589e-142
4.79684e-143
1.34685e-143
3.77608e-144
1.05713e-144
2.95513e-145
8.2488e-146
2.29918e-146
6.39915e-147
1.77846e-147
4.93556e-148
1.36774e-148
3.78481e-149
1.04583e-149
2.88575e-150
7.95127e-151
2.18774e-151
6.01087e-152
1.64917e-152
4.51833e-153
1.23617e-153
3.3773e-154
9.21409e-155
2.51031e-155
6.82962e-156
1.8555e-156
5.03412e-157
1.36391e-157
3.69017e-158
9.97035e-159
2.69016e-159
7.24853e-160
1.95042e-160
5.24101e-161
1.40641e-161
3.76893e-162
1.00864e-162
2.69569e-163
7.19481e-164
1.91772e-164
5.10468e-165
1.35698e-165
3.60244e-166
9.55091e-167
2.52881e-167
6.68672e-168
1.76578e-168
4.65682e-169
1.22651e-169
3.22616e-170
8.47484e-171
2.22337e-171
5.82541e-172
1.52433e-172
3.98354e-173
1.03968e-173
2.71e-174
7.05477e-175
1.83417e-175
4.76257e-176
1.23506e-176
3.19879e-177
8.27428e-178
2.13759e-178
5.51534e-179
1.42126e-179
3.65786e-180
9.40236e-181
2.41382e-181
6.18913e-182
1.58495e-182
4.05378e-183
1.03555e-183
2.64205e-184
6.73252e-185
1.71348e-185
4.35562e-186
1.10583e-186
2.80412e-187
7.10194e-188
1.79651e-188
4.53895e-189
1.1454e-189
2.88691e-190
7.26753e-191
1.82734e-191
4.58916e-192
1.15114e-192
2.88405e-193
7.2171e-194
1.80388e-194
4.50337e-195
1.12294e-195
2.7968e-196
6.95756e-197
1.72879e-197
4.29064e-198
1.06364e-198
2.63366e-199
6.51359e-200
1.60908e-200
3.97039e-201
9.78562e-202
2.40904e-202
5.92378e-203
1.45498e-203
3.5696e-204
8.74756e-205
2.14121e-205
5.23527e-206
1.27858e-206
3.11906e-207
7.60032e-208
1.84991e-208
4.49762e-209
1.09226e-209
2.64965e-210
6.42043e-211
1.55402e-211
3.75724e-212
9.07401e-213
2.18902e-213
5.275e-214
1.26975e-214
3.05306e-215
7.33295e-216
1.75933e-216
4.21641e-217
1.00941e-217
2.41389e-218
5.76633e-219
1.37598e-219
3.27988e-220
7.80973e-221
1.85758e-221
4.41363e-222
1.04756e-222
2.48371e-223
5.88246e-224
1.39174e-224
3.28924e-225
7.76562e-226
1.83146e-226
4.31483e-227
1.01549e-227
2.38742e-228
5.607e-229
1.31546e-229
3.08302e-230
7.2181e-231
1.68818e-231
3.94428e-232
9.20593e-233
2.14645e-233
4.99953e-234
1.1633e-234
2.70403e-235
6.27895e-236
1.45654e-236
3.37532e-237
7.8139e-238
1.8071e-238
4.17501e-239
9.63599e-240
2.22177e-240
5.1176e-241
1.1776e-241
2.70706e-242
6.21677e-243
1.42626e-243
3.26892e-244
7.48479e-245
1.71209e-245
3.9124e-246
8.9317e-247
2.03704e-247
4.64129e-248
1.05646e-248
2.40241e-249
5.45778e-250
1.23869e-250
2.8086e-251
6.36206e-252
1.43975e-252
3.25504e-253
7.35207e-254
1.659e-254
3.73996e-255
8.42314e-256
1.89525e-256
4.26037e-257
9.56787e-258
2.14671e-258
4.81193e-259
1.0776e-259
2.41093e-260
5.38898e-261
1.20343e-261
2.6849e-262
5.98455e-263
1.33269e-263
2.965e-264
6.59048e-265
1.46355e-265
3.24711e-266
7.19758e-267
1.59396e-267
3.52669e-268
7.7958e-269
1.7217e-269
3.7989e-270
8.37458e-271
1.84448e-271
4.05873e-272
8.92307e-273
1.95995e-273
4.30117e-274
9.43054e-275
2.06584e-275
4.52135e-276
9.88669e-277
2.15997e-277
4.71472e-278
1.0282e-278
2.24036e-279
4.87721e-280
1.06082e-280
2.30531e-281
5.00537e-282
1.08583e-282
2.35345e-283
5.09647e-284
1.10269e-284
2.38376e-285
5.14864e-286
1.11108e-286
2.39565e-287
5.1609e-288
1.11084e-288
2.38895e-289
5.13321e-290
1.10204e-290
2.36392e-291
5.06595e-292
1.08266e-292
2.21528e-293
