0.0195
0.0480487
0.0765975
0.105146
0.133695
0.162244
0.190793
0.219341
0.24789
0.276439
0.304988
0.333536
0.362085
0.390634
0.419183
0.447732
0.47628
0.504829
0.533378
0.561927
0.590475
0.619024
0.647573
0.676122
0.704671
0.733219
0.761768
0.790317
0.818866
0.847414
0.875963
0.904512
0.933061
0.96161
0.990158
1.01871
1.04726
1.0758
1.10435
1.1329
1.16145
1.19
1.21855
1.2471
1.27565
1.30419
1.33274
1.36129
1.38984
1.41839
1.44694
1.47549
1.50404
1.53259
1.56113
1.58968
1.61823
1.64678
1.67533
1.70388
1.73243
1.76098
1.78952
1.81807
1.84662
1.87517
1.90372
1.93227
1.96082
1.98937
2.01791
2.04646
2.07501
2.10356
2.13211
2.16066
2.18921
2.21776
2.2463
2.27485
2.3034
2.33195
2.3605
2.38905
2.4176
2.44615
2.47469
2.50324
2.53179
2.56034
2.58889
2.61744
2.64599
2.67454
2.70308
2.73163
2.76018
2.78873
2.81728
2.84583
2.87438
2.90293
2.93147
2.96002
2.98857
3.01712
3.04567
3.07422
3.10277
3.13132
3.15987
3.18841
3.21696
3.24551
3.27406
3.30261
3.33116
3.35971
3.38826
3.4168
3.44535
3.4739
3.50245
3.531
3.55955
3.5881
3.61665
3.64519
3.67374
3.70229
3.73084
3.75939
3.78794
3.81649
3.84504
3.87358
3.90213
3.93068
3.95923
3.98778
4.01633
4.04488
4.07343
4.10197
4.13052
4.15907
4.18762
4.21617
4.24472
4.27327
4.30182
4.33036
4.35891
4.38746
4.41601
4.44456
4.47311
4.50166
4.53021
4.55876
4.5873
4.61585
4.6444
4.67295
4.7015
4.73005
4.7586
4.78715
4.81569
4.84424
4.87279
4.90134
4.92989
4.95844
4.98699
5.01554
5.04408
5.07263
5.10118
5.12973
5.15828
5.18683
5.21538
5.24393
5.27247
5.30102
5.32957
5.35812
5.38667
5.41522
5.44376
5.47231
5.50086
5.52941
5.55795
5.5865
5.61504
5.64359
5.67213
5.70067
5.72921
5.75775
5.78629
5.81482
5.84335
5.87188
5.9004
5.92891
5.95742
5.98592
6.01441
6.04289
6.07135
6.0998
6.12823
6.15664
6.18502
6.21338
6.2417
6.26998
6.29822
6.32641
6.35455
6.38261
6.41061
6.43852
6.46633
6.49404
6.52163
6.54908
6.57638
6.60352
6.63046
6.6572
6.68371
6.70996
6.73593
6.76159
6.78691
6.81186
6.83639
6.86048
6.88408
6.90716
6.92966
6.95154
6.97274
6.99322
7.01292
7.03179
7.04975
7.06675
7.08272
7.09759
7.11129
7.12375
7.13489
7.14464
7.15291
7.15962
7.1647
7.16804
7.16958
7.16921
7.16686
7.16243
7.15582
7.14696
7.13575
7.1221
7.10592
7.08712
7.06561
7.04131
7.01412
6.98397
6.95078
6.91445
6.87492
6.83212
6.78596
6.73639
6.68334
6.62674
6.56655
6.50272
6.4352
6.36395
6.28894
6.21014
6.12754
6.04111
5.95087
5.85681
5.75895
5.65732
5.55194
5.44288
5.33019
5.21395
5.09423
4.97116
4.84485
4.71543
4.58305
4.4479
4.31016
4.17005
4.02778
3.88361
3.73781
3.59067
3.44248
3.29357
3.14428
2.99495
2.84595
2.69765
2.55043
2.40467
2.26076
2.11907
1.97999
1.84388
1.71109
1.58196
1.45681
1.33593
1.21959
1.10802
1.00144
0.900024
0.803898
0.713171
0.627906
0.548133
0.473844
0.404997
0.341515
0.28329
0.230184
0.182034
0.13865
0.0998257
0.0653336
0.0349345
0.00837799
0.0145933
0.0342406
0.0508263
0.0646106
0.075849
0.0847905
0.0916749
0.0967316
0.100178
0.102218
0.103043
0.102829
0.101738
0.0999161
0.0974975
0.094601
0.0913323
0.0877845
0.0840391
0.080166
0.0762253
0.0722677
0.0683353
0.0644629
0.0606785
0.0570039
0.0534563
0.050048
0.0467877
0.0436808
0.04073
0.0379358
0.035297
0.0328108
0.0304732
0.0282796
0.0262245
0.0243021
0.0225063
0.0208308
0.0192693
0.0178155
0.0164631
0.0152062
0.0140389
0.0129556
0.0119509
0.0110197
0.010157
0.00935832
0.00861921
0.00793558
0.00730356
0.00671951
0.00618002
0.0056819
0.00522217
0.00479804
0.0044069
0.00404632
0.00371404
0.00340795
0.0031261
0.00286665
0.00262791
0.0024083
0.00220637
0.00202075
0.00185018
0.0016935
0.00154962
0.00141755
0.00129635
0.00118516
0.0010832
0.000989719
0.000904048
0.000825559
0.00075367
0.000687848
0.0006276
0.000572471
0.000522041
0.000475923
0.000433762
0.00039523
0.000360024
0.000327868
0.000298505
0.000271701
0.00024724
0.000224923
0.000204568
0.000186008
0.00016909
0.000153672
0.000139625
0.000126831
0.000115181
0.000104575
9.49239e-05
8.61425e-05
7.81549e-05
7.08912e-05
6.42876e-05
5.82857e-05
5.28319e-05
4.78774e-05
4.33778e-05
3.92922e-05
3.55834e-05
3.22176e-05
2.91637e-05
2.63935e-05
2.38813e-05
2.16035e-05
1.95388e-05
1.76677e-05
1.59725e-05
1.44368e-05
1.30461e-05
1.1787e-05
1.06472e-05
9.61566e-06
8.68232e-06
7.83802e-06
7.07441e-06
6.38395e-06
5.75975e-06
5.19557e-06
4.68576e-06
4.22517e-06
3.80913e-06
3.43341e-06
3.09418e-06
2.78795e-06
2.51156e-06
2.26217e-06
2.03717e-06
1.83422e-06
1.65119e-06
1.48617e-06
1.3374e-06
1.20332e-06
1.08249e-06
9.73633e-07
8.75571e-07
7.87253e-07
7.07725e-07
6.36126e-07
5.71676e-07
5.13672e-07
4.61479e-07
4.14522e-07
3.72284e-07
3.34297e-07
3.00139e-07
2.69429e-07
2.41824e-07
2.17014e-07
1.9472e-07
1.7469e-07
1.56697e-07
1.40536e-07
1.26023e-07
1.12993e-07
1.01295e-07
9.07952e-08
8.13722e-08
7.29167e-08
6.53307e-08
5.85258e-08
5.24224e-08
4.69491e-08
4.20415e-08
3.76418e-08
3.36981e-08
3.01635e-08
2.69961e-08
2.41582e-08
2.16158e-08
1.93385e-08
1.72989e-08
1.54724e-08
1.38371e-08
1.2373e-08
1.10625e-08
9.88962e-09
8.84e-09
7.90083e-09
7.06059e-09
6.30896e-09
5.63668e-09
5.03546e-09
4.49784e-09
4.01716e-09
3.58745e-09
3.20334e-09
2.86003e-09
2.55324e-09
2.2791e-09
2.03418e-09
1.81538e-09
1.61994e-09
1.44539e-09
1.28951e-09
1.15032e-09
1.02605e-09
9.15108e-10
8.1608e-10
7.27695e-10
6.48817e-10
5.78431e-10
5.15631e-10
4.59603e-10
4.09624e-10
3.65045e-10
3.25286e-10
2.8983e-10
2.58215e-10
2.30027e-10
2.04897e-10
1.82496e-10
1.62529e-10
1.44734e-10
1.28876e-10
1.14745e-10
1.02155e-10
9.09382e-11
8.09462e-11
7.20458e-11
6.41188e-11
5.70591e-11
5.07725e-11
4.51749e-11
4.01911e-11
3.57542e-11
3.18046e-11
2.82891e-11
2.51601e-11
2.23756e-11
1.98976e-11
1.76927e-11
1.5731e-11
1.39857e-11
1.24331e-11
1.10521e-11
9.82372e-12
8.73126e-12
7.75972e-12
6.8958e-12
6.12764e-12
5.44466e-12
4.83747e-12
4.2977e-12
3.8179e-12
3.39144e-12
3.01241e-12
2.67557e-12
2.37623e-12
2.11025e-12
1.87392e-12
1.66395e-12
1.47742e-12
1.31171e-12
1.16452e-12
1.03378e-12
9.17663e-13
8.1454e-13
7.22963e-13
6.41644e-13
5.69438e-13
5.05329e-13
4.48411e-13
3.97882e-13
3.53027e-13
3.13212e-13
2.77871e-13
2.46505e-13
2.18668e-13
1.93963e-13
1.72041e-13
1.52589e-13
1.35329e-13
1.20015e-13
1.06428e-13
9.43755e-14
8.36833e-14
7.41989e-14
6.57862e-14
5.83245e-14
5.17067e-14
4.58376e-14
4.06328e-14
3.60173e-14
3.19247e-14
2.82958e-14
2.50783e-14
2.22256e-14
1.96966e-14
1.74546e-14
1.54672e-14
1.37054e-14
1.21439e-14
1.07598e-14
9.53301e-15
8.44579e-15
7.48227e-15
6.6284e-15
5.87175e-15
5.20127e-15
4.60717e-15
4.08078e-15
3.6144e-15
3.20119e-15
2.83513e-15
2.51083e-15
2.22355e-15
1.96907e-15
1.74365e-15
1.54399e-15
1.36714e-15
1.2105e-15
1.07178e-15
9.48926e-16
8.40125e-16
7.43775e-16
6.58454e-16
5.82902e-16
5.16003e-16
4.56769e-16
4.04321e-16
3.57886e-16
3.16774e-16
2.80377e-16
2.48154e-16
2.19629e-16
1.94377e-16
1.72024e-16
1.52237e-16
1.34723e-16
1.1922e-16
1.05499e-16
9.33543e-17
8.26056e-17
7.30928e-17
6.46738e-17
5.72231e-17
5.06296e-17
4.47948e-17
3.96315e-17
3.50625e-17
3.10196e-17
2.74422e-17
2.42769e-17
2.14762e-17
1.89982e-17
1.68058e-17
1.48661e-17
1.315e-17
1.16318e-17
1.02886e-17
9.10039e-18
8.04924e-18
7.11937e-18
6.29681e-18
5.56918e-18
4.92555e-18
4.35622e-18
3.85264e-18
3.40721e-18
3.01324e-18
2.66477e-18
2.35657e-18
2.08398e-18
1.84289e-18
1.62967e-18
1.4411e-18
1.27432e-18
1.12684e-18
9.96405e-19
8.81059e-19
7.79056e-19
6.88852e-19
6.09085e-19
5.38549e-19
4.76175e-19
4.2102e-19
3.72249e-19
3.29124e-19
2.90992e-19
2.57275e-19
2.27462e-19
2.01102e-19
1.77795e-19
1.57188e-19
1.38968e-19
1.22858e-19
1.08615e-19
9.60226e-20
8.48892e-20
7.50461e-20
6.63437e-20
5.86501e-20
5.18482e-20
4.58348e-20
4.05186e-20
3.58188e-20
3.16639e-20
2.79907e-20
2.47435e-20
2.18729e-20
1.93352e-20
1.70919e-20
1.51087e-20
1.33556e-20
1.18058e-20
1.04359e-20
9.22483e-21
8.15429e-21
7.20797e-21
6.37144e-21
5.63197e-21
4.97832e-21
4.40051e-21
3.88975e-21
3.43827e-21
3.03919e-21
2.68642e-21
2.37459e-21
2.09896e-21
1.85531e-21
1.63995e-21
1.44958e-21
1.28131e-21
1.13258e-21
1.00111e-21
8.84894e-22
7.82173e-22
6.91376e-22
6.1112e-22
5.4018e-22
4.77475e-22
4.22049e-22
3.73058e-22
3.29753e-22
2.91476e-22
2.57643e-22
2.27737e-22
2.01303e-22
1.77938e-22
1.57284e-22
1.39029e-22
1.22893e-22
1.08629e-22
9.6022e-23
8.4878e-23
7.50276e-23
6.63207e-23
5.86243e-23
5.18214e-23
4.5808e-23
4.04926e-23
3.57942e-23
3.1641e-23
2.79699e-23
2.47248e-23
2.18564e-23
1.93208e-23
1.70795e-23
1.50983e-23
1.33469e-23
1.17988e-23
1.04303e-23
9.22061e-24
8.15125e-24
7.20597e-24
6.37034e-24
5.63166e-24
4.97867e-24
4.40142e-24
3.89113e-24
3.44003e-24
3.04125e-24
2.68871e-24
2.37706e-24
2.10155e-24
1.85799e-24
1.64267e-24
1.45232e-24
1.28403e-24
1.13526e-24
1.00373e-24
8.87445e-25
7.84642e-25
6.93754e-25
6.13399e-25
5.42357e-25
4.79548e-25
4.24016e-25
3.74919e-25
3.3151e-25
2.93131e-25
2.59197e-25
2.29194e-25
2.02666e-25
1.7921e-25
1.58471e-25
1.40133e-25
1.23919e-25
1.09582e-25
9.6905e-26
8.56955e-26
7.57835e-26
6.70188e-26
5.92684e-26
5.2415e-26
4.63546e-26
4.09955e-26
3.62564e-26
3.20655e-26
2.83594e-26
2.5082e-26
2.21836e-26
1.96204e-26
1.73536e-26
1.53489e-26
1.35759e-26
1.2008e-26
1.06212e-26
9.39474e-27
8.31001e-27
7.35063e-27
6.5021e-27
5.7516e-27
5.0878e-27
4.50067e-27
3.98136e-27
3.52201e-27
3.11571e-27
2.75633e-27
2.43843e-27
2.15723e-27
1.90848e-27
1.68845e-27
1.4938e-27
1.32161e-27
1.16929e-27
1.03455e-27
9.15339e-28
8.09882e-28
7.16585e-28
6.34047e-28
5.61024e-28
4.96419e-28
4.39261e-28
3.88691e-28
3.43948e-28
3.04361e-28
2.69334e-28
2.38343e-28
2.10921e-28
1.86657e-28
1.65187e-28
1.4619e-28
1.29379e-28
1.14504e-28
1.0134e-28
8.96914e-29
7.93832e-29
7.02609e-29
6.2188e-29
5.50436e-29
4.87209e-29
4.31252e-29
3.81729e-29
3.37899e-29
2.99107e-29
2.64774e-29
2.34385e-29
2.07489e-29
1.83682e-29
1.6261e-29
1.43957e-29
1.27447e-29
1.12833e-29
9.98959e-30
8.8444e-30
7.83065e-30
6.93322e-30
6.13877e-30
5.43545e-30
4.8128e-30
4.26157e-30
3.77354e-30
3.34147e-30
2.95892e-30
2.62023e-30
2.32034e-30
2.05482e-30
1.81972e-30
1.61155e-30
1.42723e-30
1.26401e-30
1.11947e-30
9.91488e-31
8.78151e-31
7.77784e-31
6.88901e-31
6.10187e-31
5.40476e-31
4.78737e-31
4.24057e-31
3.75629e-31
3.32735e-31
2.94743e-31
2.61091e-31
2.31282e-31
2.04877e-31
1.81486e-31
1.60764e-31
1.42406e-31
1.26141e-31
1.11729e-31
9.89577e-32
8.76401e-32
7.76092e-32
6.87175e-32
6.08342e-32
5.38437e-32
4.76432e-32
4.21419e-32
3.7259e-32
3.29231e-32
2.90706e-32
2.56454e-32
2.25973e-32
1.98821e-32
1.74601e-32
1.52963e-32
1.33593e-32
1.16213e-32
1.00573e-32
8.64488e-33
7.36406e-33
6.19675e-33
5.12666e-33
4.13897e-33
3.2202e-33
2.35797e-33
1.54084e-33
7.58182e-34
